001:013:000:STREAM             1623947868.723933
 06 00 05 00 00 00 00 00

001:013:000:STREAM             1623947868.879971
 06 00 00 00 00 00 00 00

001:013:000:STREAM             1623947870.095916
 06 00 08 00 00 00 00 00

001:013:000:STREAM             1623947870.244022
 06 00 00 00 00 00 00 00

001:013:000:STREAM             1623947871.132202
 06 04 00 00 00 00 00 00

001:013:000:STREAM             1623947871.248043
 06 00 00 00 00 00 00 00

001:013:000:STREAM             1623947872.144241
 06 00 2C 00 00 00 00 00

001:013:000:STREAM             1623947872.303721
 06 00 00 00 00 00 00 00

001:013:000:STREAM             1623947873.555947
 06 00 19 00 00 00 00 00

001:013:000:STREAM             1623947873.707932
 06 00 00 00 00 00 00 00

001:013:000:STREAM             1623947874.584300
 06 01 16 00 00 00 00 00

001:013:000:STREAM             1623947874.792136
 06 00 00 00 00 00 00 00

001:013:000:STREAM             1623947875.552185
 06 01 1D 00 00 00 00 00

001:013:000:STREAM             1623947875.719841
 06 00 00 00 00 00 00 00

001:013:000:STREAM             1623947876.576278
 06 05 11 00 00 00 00 00

001:013:000:STREAM             1623947876.696654
 06 00 00 00 00 00 00 00

