001:008:001:STREAM             1623947084.119894
 07 A0 6A 30 AE 08 00 00 00 00

001:008:001:STREAM             1623947084.187258
 07 A0 6E 30 B3 08 00 00 00 00

001:008:001:STREAM             1623947084.199057
 07 C0 6E 30 B3 08 00 00 00 00

001:008:001:STREAM             1623947084.209361
 07 A0 6C 30 0F 09 00 00 02 02

001:008:001:STREAM             1623947084.217543
 07 C0 6C 30 0F 09 00 00 00 00

001:008:001:STREAM             1623947084.223838
 07 A0 56 30 0F 09 00 00 00 00

001:008:001:STREAM             1623947084.231849
 07 C0 56 30 0F 09 00 00 00 00

001:008:001:STREAM             1623947084.242114
 07 A0 56 30 BB 08 00 00 00 00

001:008:001:STREAM             1623947084.248547
 07 A0 37 30 BB 08 00 00 00 00

001:008:001:STREAM             1623947084.259241
 07 A0 37 30 BB 08 00 00 00 00

001:008:001:STREAM             1623947084.267144
 07 A0 37 30 BB 08 00 00 00 00

001:008:001:STREAM             1623947084.278029
 07 A0 37 30 BB 08 00 00 00 00

001:008:001:STREAM             1623947084.283955
 07 C0 37 30 BB 08 00 00 00 00

001:008:001:STREAM             1623947084.291625
 07 A0 37 30 7E 08 00 00 00 00

001:008:001:STREAM             1623947084.302152
 07 A0 46 30 53 08 00 00 00 00

001:008:001:STREAM             1623947084.308059
 07 A0 46 30 53 08 00 00 00 00

001:008:001:STREAM             1623947084.318050
 07 A0 46 30 53 08 00 00 00 00

001:008:001:STREAM             1623947084.324684
 07 A0 46 30 30 08 00 00 00 00

001:008:001:STREAM             1623947084.331731
 07 A0 46 30 30 08 00 00 00 00

001:008:001:STREAM             1623947084.338131
 07 A0 46 30 30 08 00 00 00 00

001:008:001:STREAM             1623947084.344034
 07 A0 46 30 30 08 00 00 00 00

001:008:001:STREAM             1623947084.350118
 07 A0 46 30 30 08 00 00 00 00

001:008:001:STREAM             1623947084.356101
 07 A0 46 30 30 08 00 00 00 00

001:008:001:STREAM             1623947084.362028
 07 A0 46 30 30 08 00 00 00 00

001:008:001:STREAM             1623947084.368973
 07 A0 46 30 30 08 00 00 00 00

001:008:001:STREAM             1623947084.377895
 07 A0 46 30 30 08 00 00 00 00

001:008:001:STREAM             1623947084.385946
 07 A0 46 30 30 08 00 00 00 00

001:008:001:STREAM             1623947084.396506
 07 A0 46 30 30 08 00 00 00 00

001:008:001:STREAM             1623947084.407697
 07 A0 46 30 30 08 00 00 00 00

001:008:001:STREAM             1623947084.415507
 07 C0 46 30 30 08 00 00 00 00

001:008:001:STREAM             1623947084.423389
 07 A0 46 30 70 08 00 00 00 00

001:008:001:STREAM             1623947084.436326
 07 A0 72 30 70 08 00 00 00 00

001:008:001:STREAM             1623947084.448516
 07 A0 72 30 70 08 00 00 00 00

001:008:001:STREAM             1623947084.452826
 07 C0 72 30 70 08 00 00 00 00

001:008:001:STREAM             1623947084.459824
 07 A0 72 30 97 08 00 00 00 00

001:008:001:STREAM             1623947084.468116
 07 A0 71 30 97 08 00 00 00 00

001:008:001:STREAM             1623947084.476974
 07 A0 71 30 97 08 00 00 00 00

001:008:001:STREAM             1623947084.487927
 07 A0 71 30 97 08 00 00 00 00

001:008:001:STREAM             1623947084.498785
 07 C0 71 30 97 08 00 00 00 00

001:008:001:STREAM             1623947084.508044
 07 A0 71 30 97 08 00 00 00 00

001:008:001:STREAM             1623947084.515910
 07 A0 6D 30 B8 08 00 00 00 00

001:008:001:STREAM             1623947084.525913
 07 A0 6D 30 B8 08 00 00 00 00

001:008:001:STREAM             1623947084.533000
 07 A0 6D 30 B8 08 00 00 00 00

001:008:001:STREAM             1623947084.539384
 07 A0 6D 30 B8 08 00 00 00 00

001:008:001:STREAM             1623947084.546117
 07 A0 6D 30 B8 08 00 00 00 00

001:008:001:STREAM             1623947084.552278
 07 A0 6D 30 B8 08 00 00 00 00

001:008:001:STREAM             1623947084.558381
 07 A0 6D 30 B8 08 00 00 00 00

001:008:001:STREAM             1623947084.571208
 07 A0 6D 30 B8 08 00 00 00 00

001:008:001:STREAM             1623947084.585193
 07 A0 6D 30 B8 08 00 00 00 00

001:008:001:STREAM             1623947084.591804
 07 A0 6D 30 B8 08 00 00 00 00

001:008:001:STREAM             1623947084.606250
 07 C0 6D 30 B8 08 00 00 00 00

001:008:001:STREAM             1623947084.614433
 07 A0 6D 30 B8 08 00 00 00 00

001:008:001:STREAM             1623947084.622374
 07 C0 6D 30 B8 08 00 00 00 00

001:008:001:STREAM             1623947084.632088
 07 A0 45 30 64 08 00 00 00 00

001:008:001:STREAM             1623947084.638356
 07 A0 45 30 64 08 00 00 00 00

001:008:001:STREAM             1623947084.651874
 07 A0 59 30 64 08 00 00 00 00

001:008:001:STREAM             1623947084.662223
 07 A0 59 30 64 08 00 00 00 00

001:008:001:STREAM             1623947084.670021
 07 C0 59 30 64 08 00 00 00 00

001:008:001:STREAM             1623947084.678079
 07 A0 59 30 64 08 00 00 00 00

001:008:001:STREAM             1623947084.685951
 07 A0 7B 30 62 08 00 00 00 00

001:008:001:STREAM             1623947084.693978
 07 A0 7B 30 62 08 00 00 00 00

001:008:001:STREAM             1623947084.702034
 07 A0 7B 30 62 08 00 00 00 00

001:008:001:STREAM             1623947084.714257
 07 A0 7B 30 62 08 00 00 00 00

001:008:001:STREAM             1623947084.725826
 07 A0 7B 30 62 08 00 00 00 00

001:008:001:STREAM             1623947084.735359
 07 C0 7B 30 62 08 00 00 00 00

001:008:001:STREAM             1623947084.747919
 07 A0 7B 30 62 08 00 00 00 00

001:008:001:STREAM             1623947084.760595
 07 C0 7B 30 62 08 00 00 00 00

001:008:001:STREAM             1623947084.766245
 07 A0 84 30 4D 08 00 00 00 00

001:008:001:STREAM             1623947084.771777
 07 A0 84 30 4D 08 00 00 00 00

001:008:001:STREAM             1623947084.778598
 07 A0 84 30 4D 08 00 00 00 00

001:008:001:STREAM             1623947084.785508
 07 A0 84 30 4D 08 00 00 00 00

001:008:001:STREAM             1623947084.791879
 07 A0 84 30 4D 08 00 00 00 00

001:008:001:STREAM             1623947084.802577
 07 A0 84 30 4D 08 00 00 00 00

001:008:001:STREAM             1623947084.813086
 07 A0 84 30 4D 08 00 00 00 00

001:008:001:STREAM             1623947084.819986
 07 A0 84 30 4D 08 00 00 00 00

001:008:001:STREAM             1623947084.827579
 07 A0 84 30 4D 08 00 00 00 00

001:008:001:STREAM             1623947084.833341
 07 A0 84 30 4D 08 00 00 00 00

001:008:001:STREAM             1623947084.840056
 07 A0 84 30 4D 08 00 00 00 00

001:008:001:STREAM             1623947084.845907
 07 A0 84 30 24 08 00 00 00 00

001:008:001:STREAM             1623947084.852473
 07 A0 84 30 00 08 00 00 00 00

001:008:001:STREAM             1623947084.862690
 07 A0 84 30 00 08 00 00 00 00

001:008:001:STREAM             1623947084.872745
 07 A0 84 30 DC 07 00 00 00 00

001:008:001:STREAM             1623947084.877222
 07 A0 9A 30 A5 07 00 00 00 00

001:008:001:STREAM             1623947084.884414
 07 A0 9B 30 9E 07 00 00 00 00

001:008:001:STREAM             1623947084.889832
 07 A0 9C 30 94 07 00 00 00 00

001:008:001:STREAM             1623947084.899970
 07 A0 9F 30 8E 07 00 00 00 00

001:008:001:STREAM             1623947084.905909
 07 A0 A7 30 59 07 00 00 00 00

001:008:001:STREAM             1623947084.913451
 07 A0 AB 30 27 07 00 00 00 00

001:008:001:STREAM             1623947084.923150
 07 A0 AE 30 16 07 00 00 00 00

001:008:001:STREAM             1623947084.927987
 07 A0 B5 30 E4 06 00 00 00 00

001:008:001:STREAM             1623947084.938801
 07 A0 BA 30 CA 06 00 00 00 00

001:008:001:STREAM             1623947084.950552
 07 A0 C1 30 9B 06 00 00 00 00

001:008:001:STREAM             1623947084.957874
 07 A0 C9 30 63 06 00 00 00 00

001:008:001:STREAM             1623947084.965857
 07 A0 D2 30 30 06 00 00 00 00

001:008:001:STREAM             1623947084.974295
 07 A0 D6 30 18 06 00 00 00 00

001:008:001:STREAM             1623947084.982772
 07 A0 DF 30 F8 05 00 00 00 00

001:008:001:STREAM             1623947084.994446
 07 A0 E3 30 E8 05 00 00 00 00

001:008:001:STREAM             1623947085.002663
 07 C0 E3 30 E8 05 00 00 00 00

001:008:001:STREAM             1623947085.011897
 07 A0 17 31 BA 04 00 00 00 00

001:008:001:STREAM             1623947085.019879
 07 A0 18 31 BA 04 00 00 00 00

001:008:001:STREAM             1623947085.026056
 07 A0 1B 31 96 04 00 00 00 00

001:008:001:STREAM             1623947085.031880
 07 A0 1C 31 81 04 00 00 00 00

001:008:001:STREAM             1623947085.041787
 07 A0 1E 31 79 04 00 00 00 00

001:008:001:STREAM             1623947085.047878
 07 A0 21 31 64 04 00 00 00 00

001:008:001:STREAM             1623947085.055800
 07 A0 21 31 64 04 00 00 00 00

001:008:001:STREAM             1623947085.066086
 07 A0 21 31 64 04 00 00 00 00

001:008:001:STREAM             1623947085.075646
 07 A0 21 31 31 04 00 00 00 00

001:008:001:STREAM             1623947085.088257
 07 A0 21 31 FB 03 00 00 00 00

001:008:001:STREAM             1623947085.097866
 07 A0 34 31 8B 03 00 00 00 00

001:008:001:STREAM             1623947085.103984
 07 C0 34 31 8B 03 00 00 00 00

001:008:001:STREAM             1623947085.110230
 07 A0 57 31 04 02 00 00 00 00

001:008:001:STREAM             1623947085.118691
 07 A0 5C 31 FE 01 00 00 00 00

001:008:001:STREAM             1623947085.128389
 07 A0 60 31 EA 01 00 00 00 00

001:008:001:STREAM             1623947085.137236
 07 A0 65 31 BB 01 00 00 00 00

001:008:001:STREAM             1623947085.141746
 07 A0 69 31 96 01 00 00 00 00

001:008:001:STREAM             1623947085.151770
 07 A0 6B 31 83 01 00 00 00 00

001:008:001:STREAM             1623947085.158571
 07 A0 79 31 4E 01 00 00 00 00

001:008:001:STREAM             1623947085.168760
 07 A0 7F 31 14 01 00 00 00 00

001:008:001:STREAM             1623947085.175788
 07 A0 82 31 F5 00 00 00 00 00

001:008:001:STREAM             1623947085.185004
 07 A0 86 31 B4 00 00 00 00 00

001:008:001:STREAM             1623947085.190068
 07 A0 88 31 88 00 00 00 00 00

001:008:001:STREAM             1623947085.196716
 07 A0 8E 31 40 00 00 00 00 00

001:008:001:STREAM             1623947085.206343
 07 A0 91 31 1F 00 00 00 00 00

001:008:001:STREAM             1623947085.214202
 07 C0 91 31 1F 00 00 00 00 00

001:008:001:STREAM             1623947087.135960
 07 A0 65 74 85 41 00 00 FE FE

001:008:001:STREAM             1623947087.166443
 07 A0 65 74 33 41 00 00 00 00

001:008:001:STREAM             1623947087.175877
 07 C0 65 74 33 41 00 00 00 00

001:008:001:STREAM             1623947087.182707
 07 A0 22 74 28 41 00 00 02 02

001:008:001:STREAM             1623947087.190266
 07 A0 22 74 28 41 00 00 00 00

001:008:001:STREAM             1623947087.196268
 07 A0 22 74 28 41 00 00 00 00

001:008:001:STREAM             1623947087.203842
 07 A0 22 74 28 41 00 00 00 00

001:008:001:STREAM             1623947087.214093
 07 A0 22 74 28 41 00 00 00 00

001:008:001:STREAM             1623947087.219687
 07 A0 22 74 28 41 00 00 00 00

001:008:001:STREAM             1623947087.231749
 07 A0 22 74 28 41 00 00 00 00

001:008:001:STREAM             1623947087.241696
 07 A0 22 74 28 41 00 00 00 00

001:008:001:STREAM             1623947087.249248
 07 C0 22 74 28 41 00 00 00 00

001:008:001:STREAM             1623947087.255961
 07 A0 22 74 28 41 00 00 00 00

001:008:001:STREAM             1623947087.264819
 07 A0 06 74 0E 41 00 00 00 00

001:008:001:STREAM             1623947087.271799
 07 A0 06 74 0E 41 00 00 00 00

001:008:001:STREAM             1623947087.281026
 07 A0 06 74 0E 41 00 00 00 00

001:008:001:STREAM             1623947087.290419
 07 A0 06 74 0E 41 00 00 00 00

001:008:001:STREAM             1623947087.298614
 07 A0 06 74 0E 41 00 00 00 00

001:008:001:STREAM             1623947087.306880
 07 A0 06 74 0E 41 00 00 00 00

001:008:001:STREAM             1623947087.314165
 07 A0 06 74 0E 41 00 00 00 00

001:008:001:STREAM             1623947087.325060
 07 A0 06 74 0E 41 00 00 00 00

001:008:001:STREAM             1623947087.334315
 07 A0 06 74 EC 40 00 00 00 00

001:008:001:STREAM             1623947087.341396
 07 A0 06 74 EC 40 00 00 00 00

001:008:001:STREAM             1623947087.347844
 07 A0 06 74 EC 40 00 00 00 00

001:008:001:STREAM             1623947087.355864
 07 C0 06 74 EC 40 00 00 00 00

001:008:001:STREAM             1623947087.372168
 07 A0 DB 73 EC 40 00 00 00 00

001:008:001:STREAM             1623947087.381079
 07 A0 C0 73 D9 40 00 00 00 00

001:008:001:STREAM             1623947087.392094
 07 C0 C0 73 D9 40 00 00 00 00

001:008:001:STREAM             1623947087.399800
 07 A0 A8 73 D9 40 00 00 00 00

001:008:001:STREAM             1623947087.410701
 07 A0 A8 73 F1 40 00 00 00 00

001:008:001:STREAM             1623947087.417512
 07 C0 A8 73 F1 40 00 00 00 00

001:008:001:STREAM             1623947087.423818
 07 A0 91 73 F1 40 00 00 00 00

001:008:001:STREAM             1623947087.430572
 07 A0 91 73 F5 40 00 00 00 00

001:008:001:STREAM             1623947087.435930
 07 A0 91 73 F5 40 00 00 00 00

001:008:001:STREAM             1623947087.441843
 07 A0 91 73 F5 40 00 00 00 00

001:008:001:STREAM             1623947087.447897
 07 A0 91 73 F5 40 00 00 00 00

001:008:001:STREAM             1623947087.457879
 07 A0 91 73 F5 40 00 00 00 00

001:008:001:STREAM             1623947087.464887
 07 A0 91 73 F5 40 00 00 00 00

001:008:001:STREAM             1623947087.469808
 07 A0 7C 73 F5 40 00 00 00 00

001:008:001:STREAM             1623947087.476206
 07 A0 7C 73 F5 40 00 00 00 00

001:008:001:STREAM             1623947087.481697
 07 A0 7C 73 F5 40 00 00 00 00

001:008:001:STREAM             1623947087.489785
 07 A0 7C 73 F5 40 00 00 00 00

001:008:001:STREAM             1623947087.497842
 07 A0 7C 73 F5 40 00 00 00 00

001:008:001:STREAM             1623947087.507989
 07 A0 7C 73 F5 40 00 00 00 00

001:008:001:STREAM             1623947087.517717
 07 C0 7C 73 F5 40 00 00 00 00

001:008:001:STREAM             1623947087.528011
 07 A0 59 73 F5 40 00 00 00 00

001:008:001:STREAM             1623947087.539278
 07 C0 59 73 F5 40 00 00 00 00

001:008:001:STREAM             1623947087.546331
 07 A0 41 73 22 41 00 00 00 00

001:008:001:STREAM             1623947087.551796
 07 A0 2F 73 22 41 00 00 00 00

001:008:001:STREAM             1623947087.558073
 07 A0 2F 73 22 41 00 00 00 00

001:008:001:STREAM             1623947087.566420
 07 A0 2F 73 22 41 00 00 00 00

001:008:001:STREAM             1623947087.575517
 07 A0 2F 73 22 41 00 00 00 00

001:008:001:STREAM             1623947087.583330
 07 C0 2F 73 22 41 00 00 00 00

001:008:001:STREAM             1623947087.590437
 07 A0 2F 73 22 41 00 00 00 00

001:008:001:STREAM             1623947087.598238
 07 A0 45 73 02 41 00 00 00 00

001:008:001:STREAM             1623947087.609950
 07 A0 45 73 02 41 00 00 00 00

001:008:001:STREAM             1623947087.621305
 07 A0 45 73 02 41 00 00 00 00

001:008:001:STREAM             1623947087.629747
 07 C0 45 73 02 41 00 00 00 00

001:008:001:STREAM             1623947087.639970
 07 A0 45 73 02 41 00 00 00 00

001:008:001:STREAM             1623947087.645735
 07 C0 45 73 02 41 00 00 00 00

001:008:001:STREAM             1623947087.651882
 07 A0 4E 73 15 41 00 00 00 00

001:008:001:STREAM             1623947087.659682
 07 A0 4E 73 15 41 00 00 00 00

001:008:001:STREAM             1623947087.671234
 07 A0 4E 73 15 41 00 00 00 00

001:008:001:STREAM             1623947087.678288
 07 A0 4E 73 15 41 00 00 00 00

001:008:001:STREAM             1623947087.685810
 07 A0 4E 73 15 41 00 00 00 00

001:008:001:STREAM             1623947087.700525
 07 A0 4E 73 15 41 00 00 00 00

001:008:001:STREAM             1623947087.712175
 07 C0 4E 73 15 41 00 00 00 00

001:008:001:STREAM             1623947087.723205
 07 A0 6D 73 15 41 00 00 00 00

001:008:001:STREAM             1623947087.735546
 07 C0 6D 73 15 41 00 00 00 00

001:008:001:STREAM             1623947087.741901
 07 A0 89 73 4A 41 00 00 00 00

001:008:001:STREAM             1623947087.765219
 07 C0 89 73 4A 41 00 00 00 00

001:008:001:STREAM             1623947087.776538
 07 A0 A3 73 4A 41 00 00 00 00

001:008:001:STREAM             1623947087.786088
 07 C0 A3 73 4A 41 00 00 00 00

001:008:001:STREAM             1623947087.796467
 07 A0 EA 73 62 41 00 00 00 00

001:008:001:STREAM             1623947087.801816
 07 A0 EA 73 62 41 00 00 00 00

001:008:001:STREAM             1623947087.810337
 07 A0 EA 73 62 41 00 00 00 00

001:008:001:STREAM             1623947087.814700
 07 A0 EA 73 62 41 00 00 00 00

001:008:001:STREAM             1623947087.823593
 07 A0 EA 73 62 41 00 00 00 00

001:008:001:STREAM             1623947087.831758
 07 A0 FF 73 62 41 00 00 00 00

001:008:001:STREAM             1623947087.841140
 07 A0 FF 73 62 41 00 00 00 00

001:008:001:STREAM             1623947087.848894
 07 A0 16 74 62 41 00 00 00 00

001:008:001:STREAM             1623947087.856657
 07 A0 16 74 62 41 00 00 00 00

001:008:001:STREAM             1623947087.867856
 07 A0 42 74 3D 41 00 00 00 00

001:008:001:STREAM             1623947087.871811
 07 A0 55 74 3D 41 00 00 00 00

001:008:001:STREAM             1623947087.883175
 07 A0 68 74 3D 41 00 00 00 00

001:008:001:STREAM             1623947087.894325
 07 A0 79 74 3D 41 00 00 00 00

001:008:001:STREAM             1623947087.901559
 07 C0 79 74 3D 41 00 00 00 00

001:008:001:STREAM             1623947087.909762
 07 A0 41 75 78 41 00 00 00 00

001:008:001:STREAM             1623947087.920094
 07 A0 48 75 5A 41 00 00 00 00

001:008:001:STREAM             1623947087.925924
 07 C0 48 75 5A 41 00 00 00 00

001:008:001:STREAM             1623947087.933897
 07 A0 9C 75 FB 40 00 00 00 00

001:008:001:STREAM             1623947087.940257
 07 A0 AC 75 E7 40 00 00 00 00

001:008:001:STREAM             1623947087.946215
 07 A0 B0 75 E9 40 00 00 00 00

001:008:001:STREAM             1623947087.955341
 07 A0 B0 75 E9 40 00 00 00 00

001:008:001:STREAM             1623947087.968870
 07 A0 B0 75 E9 40 00 00 00 00

001:008:001:STREAM             1623947087.981033
 07 C0 B0 75 E9 40 00 00 00 00

001:008:001:STREAM             1623947087.991441
 07 A0 05 76 E9 40 00 00 00 00

001:008:001:STREAM             1623947087.998414
 07 A0 3D 76 C2 40 00 00 00 00

001:008:001:STREAM             1623947088.003908
 07 A0 68 76 C2 40 00 00 00 00

001:008:001:STREAM             1623947088.012047
 07 A0 85 76 C2 40 00 00 00 00

001:008:001:STREAM             1623947088.025153
 07 A0 9D 76 C2 40 00 00 00 00

001:008:001:STREAM             1623947088.033811
 07 A0 DD 76 95 40 00 00 00 00

001:008:001:STREAM             1623947088.040079
 07 C0 DD 76 95 40 00 00 00 00

001:008:001:STREAM             1623947088.049925
 07 A0 EC 77 6F 40 00 00 FE 00

001:008:001:STREAM             1623947088.057985
 07 A0 15 78 67 40 00 00 00 00

001:008:001:STREAM             1623947088.069504
 07 A0 27 78 66 40 00 00 00 00

001:008:001:STREAM             1623947088.077763
 07 A0 3A 78 71 40 00 00 00 00

001:008:001:STREAM             1623947088.085359
 07 A0 7B 78 5F 40 00 00 00 00

001:008:001:STREAM             1623947088.092446
 07 A0 94 78 53 40 00 00 00 00

001:008:001:STREAM             1623947088.103705
 07 A0 CF 78 43 40 00 00 00 00

001:008:001:STREAM             1623947088.115392
 07 A0 11 79 32 40 00 00 00 00

001:008:001:STREAM             1623947088.130455
 07 A0 53 79 28 40 00 00 00 00

001:008:001:STREAM             1623947088.136041
 07 A0 A8 79 20 40 00 00 00 00

001:008:001:STREAM             1623947088.148231
 07 C0 A8 79 20 40 00 00 00 00

001:008:001:STREAM             1623947088.155960
 07 A0 51 7B FE 3F 00 00 00 00

001:008:001:STREAM             1623947088.160442
 07 A0 75 7B 04 40 00 00 00 00

001:008:001:STREAM             1623947088.165946
 07 A0 88 7B F7 3F 00 00 00 00

001:008:001:STREAM             1623947088.176205
 07 A0 98 7B FB 3F 00 00 00 00

001:008:001:STREAM             1623947088.185804
 07 A0 A8 7B 0A 40 00 00 00 00

001:008:001:STREAM             1623947088.192002
 07 C0 A8 7B 0A 40 00 00 00 00

001:008:001:STREAM             1623947088.199937
 07 A0 95 7C 0B 40 00 00 00 00

001:008:001:STREAM             1623947088.209613
 07 A0 A2 7C 0A 40 00 00 00 00

001:008:001:STREAM             1623947088.219949
 07 A0 C8 7C 12 40 00 00 00 00

001:008:001:STREAM             1623947088.223984
 07 A0 DA 7C 11 40 00 00 00 00

001:008:001:STREAM             1623947088.233780
 07 A0 E3 7C 16 40 00 00 00 00

001:008:001:STREAM             1623947088.240833
 07 A0 EE 7C 18 40 00 00 00 00

001:008:001:STREAM             1623947088.248988
 07 A0 03 7D 1A 40 00 00 00 00

001:008:001:STREAM             1623947088.259150
 07 C0 03 7D 1A 40 00 00 00 00

001:008:001:STREAM             1623947088.265011
 07 A0 BE 7D 15 40 00 00 00 00

001:008:001:STREAM             1623947088.269814
 07 A0 CA 7D 30 40 00 00 00 00

001:008:001:STREAM             1623947088.280429
 07 A0 DF 7D 16 40 00 00 00 00

001:008:001:STREAM             1623947088.287540
 07 A0 EA 7D 09 40 00 00 00 00

001:008:001:STREAM             1623947088.296843
 07 A0 07 7E F8 3F 00 00 00 00

001:008:001:STREAM             1623947088.302956
 07 A0 2A 7E E5 3F 00 00 00 00

001:008:001:STREAM             1623947088.315775
 07 A0 33 7E E0 3F 00 00 00 00

001:008:001:STREAM             1623947088.324498
 07 C0 33 7E E0 3F 00 00 00 00

001:008:001:STREAM             1623947088.346117
 07 A0 4F 7F 9F 3F 00 00 00 00

001:008:001:STREAM             1623947088.351342
 07 A0 74 7F 9A 3F 00 00 00 00

001:008:001:STREAM             1623947088.357786
 07 C0 74 7F 9A 3F 00 00 00 00

001:008:001:STREAM             1623947090.027955
 07 A0 3F 33 03 7A 00 00 00 FE

001:008:001:STREAM             1623947090.060339
 07 A0 3F 33 F3 79 00 00 00 00

001:008:001:STREAM             1623947090.070427
 07 C0 3F 33 F3 79 00 00 00 00

001:008:001:STREAM             1623947090.081954
 07 A0 3B 33 2E 79 00 00 00 00

001:008:001:STREAM             1623947090.087857
 07 C0 3B 33 2E 79 00 00 00 00

001:008:001:STREAM             1623947090.093871
 07 A0 42 33 80 78 00 00 02 00

001:008:001:STREAM             1623947090.102040
 07 A0 42 33 20 78 00 00 00 00

001:008:001:STREAM             1623947090.108396
 07 A0 42 33 DD 77 00 00 00 00

001:008:001:STREAM             1623947090.117262
 07 C0 42 33 DD 77 00 00 00 00

001:008:001:STREAM             1623947090.128041
 07 A0 42 33 83 77 00 00 00 00

001:008:001:STREAM             1623947090.134140
 07 A0 26 33 50 77 00 00 00 00

001:008:001:STREAM             1623947090.141538
 07 A0 26 33 50 77 00 00 00 00

001:008:001:STREAM             1623947090.153570
 07 A0 26 33 50 77 00 00 00 00

001:008:001:STREAM             1623947090.160593
 07 A0 26 33 50 77 00 00 00 00

001:008:001:STREAM             1623947090.165954
 07 A0 26 33 2D 77 00 00 00 00

001:008:001:STREAM             1623947090.172155
 07 A0 26 33 2D 77 00 00 00 00

001:008:001:STREAM             1623947090.181861
 07 A0 26 33 2D 77 00 00 00 00

001:008:001:STREAM             1623947090.185924
 07 A0 26 33 2D 77 00 00 00 00

001:008:001:STREAM             1623947090.193746
 07 A0 26 33 2D 77 00 00 00 00

001:008:001:STREAM             1623947090.200328
 07 A0 26 33 0C 77 00 00 00 00

001:008:001:STREAM             1623947090.210345
 07 A0 26 33 0C 77 00 00 00 00

001:008:001:STREAM             1623947090.215866
 07 A0 26 33 0C 77 00 00 00 00

001:008:001:STREAM             1623947090.221926
 07 A0 26 33 0C 77 00 00 00 00

001:008:001:STREAM             1623947090.228354
 07 A0 26 33 0C 77 00 00 00 00

001:008:001:STREAM             1623947090.238161
 07 A0 26 33 EB 76 00 00 00 00

001:008:001:STREAM             1623947090.247935
 07 A0 26 33 EB 76 00 00 00 00

001:008:001:STREAM             1623947090.255792
 07 A0 26 33 EB 76 00 00 00 00

001:008:001:STREAM             1623947090.263977
 07 A0 26 33 EB 76 00 00 00 00

001:008:001:STREAM             1623947090.271372
 07 A0 26 33 EB 76 00 00 00 00

001:008:001:STREAM             1623947090.279446
 07 A0 26 33 EB 76 00 00 00 00

001:008:001:STREAM             1623947090.290133
 07 C0 26 33 EB 76 00 00 00 00

001:008:001:STREAM             1623947090.296579
 07 A0 3E 33 9B 76 00 00 00 00

001:008:001:STREAM             1623947090.303774
 07 A0 3E 33 71 76 00 00 00 00

001:008:001:STREAM             1623947090.313906
 07 A0 3E 33 71 76 00 00 00 00

001:008:001:STREAM             1623947090.320245
 07 C0 3E 33 71 76 00 00 00 00

001:008:001:STREAM             1623947090.326186
 07 A0 3E 33 46 76 00 00 00 00

001:008:001:STREAM             1623947090.331991
 07 A0 63 33 46 76 00 00 00 00

001:008:001:STREAM             1623947090.341775
 07 C0 63 33 46 76 00 00 00 00

001:008:001:STREAM             1623947090.351516
 07 A0 63 33 46 76 00 00 00 00

001:008:001:STREAM             1623947090.355801
 07 A0 74 33 FC 75 00 00 00 00

001:008:001:STREAM             1623947090.368441
 07 A0 74 33 FC 75 00 00 00 00

001:008:001:STREAM             1623947090.377790
 07 A0 74 33 FC 75 00 00 00 00

001:008:001:STREAM             1623947090.386218
 07 A0 74 33 FC 75 00 00 00 00

001:008:001:STREAM             1623947090.392027
 07 A0 74 33 FC 75 00 00 00 00

001:008:001:STREAM             1623947090.401424
 07 A0 74 33 FC 75 00 00 00 00

001:008:001:STREAM             1623947090.411985
 07 A0 74 33 FC 75 00 00 00 00

001:008:001:STREAM             1623947090.418077
 07 A0 74 33 FC 75 00 00 00 00

001:008:001:STREAM             1623947090.425609
 07 A0 74 33 FC 75 00 00 00 00

001:008:001:STREAM             1623947090.432715
 07 A0 74 33 FC 75 00 00 00 00

001:008:001:STREAM             1623947090.441257
 07 A0 74 33 FC 75 00 00 00 00

001:008:001:STREAM             1623947090.452029
 07 A0 74 33 FC 75 00 00 00 00

001:008:001:STREAM             1623947090.458234
 07 C0 74 33 FC 75 00 00 00 00

001:008:001:STREAM             1623947090.467944
 07 A0 8F 33 D3 75 00 00 00 00

001:008:001:STREAM             1623947090.473751
 07 A0 8F 33 D3 75 00 00 00 00

001:008:001:STREAM             1623947090.485490
 07 A0 8F 33 D3 75 00 00 00 00

001:008:001:STREAM             1623947090.495729
 07 A0 8F 33 D3 75 00 00 00 00

001:008:001:STREAM             1623947090.502770
 07 A0 A5 33 D3 75 00 00 00 00

001:008:001:STREAM             1623947090.515604
 07 C0 A5 33 D3 75 00 00 00 00

001:008:001:STREAM             1623947090.527562
 07 A0 B9 33 D3 75 00 00 00 00

001:008:001:STREAM             1623947090.546203
 07 C0 B9 33 D3 75 00 00 00 00

001:008:001:STREAM             1623947090.553573
 07 A0 B9 33 E7 75 00 00 00 00

001:008:001:STREAM             1623947090.560436
 07 A0 DB 33 E7 75 00 00 00 00

001:008:001:STREAM             1623947090.566270
 07 A0 DB 33 E7 75 00 00 00 00

001:008:001:STREAM             1623947090.575972
 07 A0 DB 33 E7 75 00 00 00 00

001:008:001:STREAM             1623947090.581952
 07 A0 DB 33 E7 75 00 00 00 00

001:008:001:STREAM             1623947090.590776
 07 A0 DB 33 E7 75 00 00 00 00

001:008:001:STREAM             1623947090.602191
 07 A0 DB 33 E7 75 00 00 00 00

001:008:001:STREAM             1623947090.607755
 07 C0 DB 33 E7 75 00 00 00 00

001:008:001:STREAM             1623947090.615890
 07 A0 DB 33 E7 75 00 00 00 00

001:008:001:STREAM             1623947090.625327
 07 A0 EE 33 F6 75 00 00 00 00

001:008:001:STREAM             1623947090.631024
 07 A0 EE 33 F6 75 00 00 00 00

001:008:001:STREAM             1623947090.637452
 07 A0 EE 33 F6 75 00 00 00 00

001:008:001:STREAM             1623947090.645478
 07 A0 EE 33 F6 75 00 00 00 00

001:008:001:STREAM             1623947090.653336
 07 A0 EE 33 F6 75 00 00 00 00

001:008:001:STREAM             1623947090.660051
 07 A0 EE 33 F6 75 00 00 00 00

001:008:001:STREAM             1623947090.671589
 07 A0 EE 33 F6 75 00 00 00 00

001:008:001:STREAM             1623947090.684450
 07 A0 EE 33 F6 75 00 00 00 00

001:008:001:STREAM             1623947090.694407
 07 C0 EE 33 F6 75 00 00 00 00

001:008:001:STREAM             1623947090.706723
 07 A0 04 34 1A 76 00 00 00 00

001:008:001:STREAM             1623947090.717891
 07 A0 04 34 1A 76 00 00 00 00

001:008:001:STREAM             1623947090.727306
 07 A0 04 34 1A 76 00 00 00 00

001:008:001:STREAM             1623947090.735330
 07 C0 04 34 1A 76 00 00 00 00

001:008:001:STREAM             1623947090.739926
 07 A0 04 34 54 76 00 00 00 00

001:008:001:STREAM             1623947090.750113
 07 A0 2B 34 75 76 00 00 00 00

001:008:001:STREAM             1623947090.761564
 07 A0 2B 34 75 76 00 00 00 00

001:008:001:STREAM             1623947090.768437
 07 C0 2B 34 75 76 00 00 00 00

001:008:001:STREAM             1623947090.774118
 07 A0 2B 34 BB 76 00 00 00 00

001:008:001:STREAM             1623947090.784444
 07 A0 22 34 E1 76 00 00 00 00

001:008:001:STREAM             1623947090.793974
 07 C0 22 34 E1 76 00 00 00 00

001:008:001:STREAM             1623947090.800774
 07 A0 22 34 18 77 00 00 00 00

001:008:001:STREAM             1623947090.808261
 07 A0 29 34 18 77 00 00 00 00

001:008:001:STREAM             1623947090.814843
 07 A0 29 34 3E 77 00 00 00 00

001:008:001:STREAM             1623947090.821513
 07 A0 29 34 3E 77 00 00 00 00

001:008:001:STREAM             1623947090.827814
 07 A0 29 34 3E 77 00 00 00 00

001:008:001:STREAM             1623947090.837676
 07 A0 29 34 60 77 00 00 00 00

001:008:001:STREAM             1623947090.845655
 07 A0 29 34 60 77 00 00 00 00

001:008:001:STREAM             1623947090.853596
 07 C0 29 34 60 77 00 00 00 00

001:008:001:STREAM             1623947090.862009
 07 A0 29 34 B1 77 00 00 00 00

001:008:001:STREAM             1623947090.869935
 07 A0 4A 34 E2 77 00 00 00 00

001:008:001:STREAM             1623947090.878898
 07 A0 4A 34 E2 77 00 00 00 00

001:008:001:STREAM             1623947090.888680
 07 A0 4A 34 09 78 00 00 00 00

001:008:001:STREAM             1623947090.895310
 07 A0 4A 34 09 78 00 00 00 00

001:008:001:STREAM             1623947090.899716
 07 A0 4A 34 31 78 00 00 00 00

001:008:001:STREAM             1623947090.908011
 07 A0 4A 34 53 78 00 00 00 00

001:008:001:STREAM             1623947090.919499
 07 A0 4A 34 82 78 00 00 00 00

001:008:001:STREAM             1623947090.924788
 07 A0 64 34 D2 78 00 00 00 00

001:008:001:STREAM             1623947090.933433
 07 A0 6F 34 17 79 00 00 00 00

001:008:001:STREAM             1623947090.944360
 07 A0 71 34 3A 79 00 00 00 00

001:008:001:STREAM             1623947090.951095
 07 C0 71 34 3A 79 00 00 00 00

001:008:001:STREAM             1623947090.956387
 07 A0 94 34 A1 7A 00 00 00 00

001:008:001:STREAM             1623947090.962585
 07 A0 9B 34 AD 7A 00 00 00 00

001:008:001:STREAM             1623947090.971660
 07 A0 99 34 C3 7A 00 00 00 00

001:008:001:STREAM             1623947090.982664
 07 A0 9A 34 EB 7A 00 00 00 00

001:008:001:STREAM             1623947090.991975
 07 A0 9F 34 16 7B 00 00 01 00

001:008:001:STREAM             1623947090.998071
 07 A0 A3 34 4A 7B 00 00 02 00

001:008:001:STREAM             1623947091.004132
 07 A0 AA 34 93 7B 00 00 02 00

001:008:001:STREAM             1623947091.014113
 07 A0 AC 34 C2 7B 00 00 02 00

001:008:001:STREAM             1623947091.022212
 07 A0 AE 34 F3 7B 00 00 02 00

001:008:001:STREAM             1623947091.027792
 07 A0 B1 34 59 7C 00 00 02 00

001:008:001:STREAM             1623947091.033888
 07 A0 B1 34 8F 7C 00 00 02 00

001:008:001:STREAM             1623947091.045146
 07 A0 B3 34 C9 7C 00 00 02 00

001:008:001:STREAM             1623947091.056721
 07 A0 B5 34 09 7D 00 00 02 00

001:008:001:STREAM             1623947091.067170
 07 C0 B5 34 09 7D 00 00 00 00

001:008:001:STREAM             1623947093.051983
 07 A0 F0 0D D7 3D 00 00 FE 00

001:008:001:STREAM             1623947093.095114
 07 A0 F5 0D E1 3D 00 00 00 00

001:008:001:STREAM             1623947093.101840
 07 C0 F5 0D E1 3D 00 00 00 00

001:008:001:STREAM             1623947093.108224
 07 A0 C7 0E 0B 3E 00 00 02 00

001:008:001:STREAM             1623947093.118376
 07 A0 C7 0E 0B 3E 00 00 00 00

001:008:001:STREAM             1623947093.134774
 07 A0 C7 0E 0B 3E 00 00 00 00

001:008:001:STREAM             1623947093.142221
 07 C0 C7 0E 0B 3E 00 00 00 00

001:008:001:STREAM             1623947093.150777
 07 A0 D3 0E 0B 3E 00 00 00 00

001:008:001:STREAM             1623947093.168401
 07 A0 D3 0E 21 3E 00 00 00 00

001:008:001:STREAM             1623947093.178285
 07 C0 D3 0E 21 3E 00 00 00 00

001:008:001:STREAM             1623947093.187787
 07 A0 EB 0E 21 3E 00 00 00 00

001:008:001:STREAM             1623947093.192949
 07 A0 F8 0E 2F 3E 00 00 00 00

001:008:001:STREAM             1623947093.199745
 07 A0 F8 0E 2F 3E 00 00 00 00

001:008:001:STREAM             1623947093.205973
 07 A0 F8 0E 2F 3E 00 00 00 00

001:008:001:STREAM             1623947093.210428
 07 A0 F8 0E 2F 3E 00 00 00 00

001:008:001:STREAM             1623947093.218233
 07 A0 F8 0E 2F 3E 00 00 00 00

001:008:001:STREAM             1623947093.229242
 07 A0 F8 0E 2F 3E 00 00 00 00

001:008:001:STREAM             1623947093.235760
 07 A0 F8 0E 2F 3E 00 00 00 00

001:008:001:STREAM             1623947093.244882
 07 A0 F8 0E 2F 3E 00 00 00 00

001:008:001:STREAM             1623947093.255677
 07 A0 F8 0E 2F 3E 00 00 00 00

001:008:001:STREAM             1623947093.262576
 07 A0 02 0F 2F 3E 00 00 00 00

001:008:001:STREAM             1623947093.267982
 07 A0 02 0F 2F 3E 00 00 00 00

001:008:001:STREAM             1623947093.274187
 07 A0 02 0F 2F 3E 00 00 00 00

001:008:001:STREAM             1623947093.282535
 07 A0 02 0F 2F 3E 00 00 00 00

001:008:001:STREAM             1623947093.307085
 07 A0 02 0F 2F 3E 00 00 00 00

001:008:001:STREAM             1623947093.315867
 07 C0 02 0F 2F 3E 00 00 00 00

001:008:001:STREAM             1623947093.328398
 07 A0 02 0F 2F 3E 00 00 00 00

001:008:001:STREAM             1623947093.336446
 07 C0 02 0F 2F 3E 00 00 00 00

001:008:001:STREAM             1623947093.348308
 07 A0 12 0F 3D 3E 00 00 00 00

001:008:001:STREAM             1623947093.358145
 07 C0 12 0F 3D 3E 00 00 00 00

001:008:001:STREAM             1623947093.364765
 07 A0 12 0F 3D 3E 00 00 00 00

001:008:001:STREAM             1623947093.377555
 07 A0 0A 0F 42 3E 00 00 00 00

001:008:001:STREAM             1623947093.389217
 07 C0 0A 0F 42 3E 00 00 00 00

001:008:001:STREAM             1623947093.400333
 07 A0 0A 0F 42 3E 00 00 00 00

001:008:001:STREAM             1623947093.410854
 07 A0 00 0F 3D 3E 00 00 00 00

001:008:001:STREAM             1623947093.417748
 07 A0 00 0F 3D 3E 00 00 00 00

001:008:001:STREAM             1623947093.424039
 07 C0 00 0F 3D 3E 00 00 00 00

001:008:001:STREAM             1623947093.428599
 07 A0 F2 0E 3D 3E 00 00 00 00

001:008:001:STREAM             1623947093.437758
 07 A0 E7 0E 35 3E 00 00 00 00

001:008:001:STREAM             1623947093.449603
 07 A0 DB 0E 35 3E 00 00 00 00

001:008:001:STREAM             1623947093.462269
 07 A0 D0 0E 35 3E 00 00 00 00

001:008:001:STREAM             1623947093.471246
 07 C0 D0 0E 35 3E 00 00 00 00

001:008:001:STREAM             1623947093.477925
 07 A0 A8 0E 35 3E 00 00 00 00

001:008:001:STREAM             1623947093.487963
 07 A0 76 0E 31 3E 00 00 00 00

001:008:001:STREAM             1623947093.494073
 07 A0 6B 0E 2E 3E 00 00 00 00

001:008:001:STREAM             1623947093.504419
 07 A0 64 0E 2C 3E 00 00 00 00

001:008:001:STREAM             1623947093.509863
 07 A0 56 0E 29 3E 00 00 00 00

001:008:001:STREAM             1623947093.518020
 07 A0 56 0E 29 3E 00 00 00 00

001:008:001:STREAM             1623947093.528054
 07 A0 4D 0E 29 3E 00 00 00 00

001:008:001:STREAM             1623947093.539505
 07 A0 22 0E 19 3E 00 00 00 00

001:008:001:STREAM             1623947093.547029
 07 A0 FF 0D 0D 3E 00 00 00 00

001:008:001:STREAM             1623947093.551731
 07 A0 D2 0D FE 3D 00 00 00 00

001:008:001:STREAM             1623947093.562711
 07 A0 BE 0D F6 3D 00 00 00 00

001:008:001:STREAM             1623947093.571222
 07 A0 95 0D ED 3D 00 00 00 00

001:008:001:STREAM             1623947093.582034
 07 A0 66 0D DD 3D 00 00 00 00

001:008:001:STREAM             1623947093.588656
 07 A0 31 0D CC 3D 00 00 00 00

001:008:001:STREAM             1623947093.599408
 07 A0 15 0D C3 3D 00 00 00 00

001:008:001:STREAM             1623947093.609903
 07 A0 DD 0C AA 3D 00 00 00 00

001:008:001:STREAM             1623947093.617805
 07 A0 A5 0C 97 3D 00 00 00 00

001:008:001:STREAM             1623947093.624702
 07 C0 A5 0C 97 3D 00 00 00 00

001:008:001:STREAM             1623947093.636706
 07 A0 70 0B 17 3D 00 00 00 00

001:008:001:STREAM             1623947093.647420
 07 A0 65 0B 13 3D 00 00 00 00

001:008:001:STREAM             1623947093.653656
 07 C0 65 0B 13 3D 00 00 00 00

001:008:001:STREAM             1623947093.666965
 07 A0 CA 0A 01 3D 00 00 00 00

001:008:001:STREAM             1623947093.675990
 07 C0 CA 0A 01 3D 00 00 00 00

001:008:001:STREAM             1623947093.683849
 07 A0 24 0A D9 3C 00 00 00 00

001:008:001:STREAM             1623947093.691990
 07 A0 24 0A D9 3C 00 00 00 00

001:008:001:STREAM             1623947093.696180
 07 A0 06 0A D9 3C 00 00 00 00

001:008:001:STREAM             1623947093.701164
 07 A0 EE 09 D9 3C 00 00 00 00

001:008:001:STREAM             1623947093.711328
 07 A0 C5 09 B7 3C 00 00 00 00

001:008:001:STREAM             1623947093.718077
 07 A0 9B 09 A7 3C 00 00 00 00

001:008:001:STREAM             1623947093.724765
 07 A0 80 09 A0 3C 00 00 00 00

001:008:001:STREAM             1623947093.732131
 07 A0 4B 09 8E 3C 00 00 00 00

001:008:001:STREAM             1623947093.737930
 07 A0 2F 09 87 3C 00 00 00 00

001:008:001:STREAM             1623947093.745561
 07 A0 0E 09 80 3C 00 00 00 00

001:008:001:STREAM             1623947093.757281
 07 A0 F3 08 78 3C 00 00 00 00

001:008:001:STREAM             1623947093.767098
 07 C0 F3 08 78 3C 00 00 00 00

001:008:001:STREAM             1623947093.772312
 07 A0 A1 07 29 3C 00 00 00 00

001:008:001:STREAM             1623947093.777958
 07 A0 74 07 28 3C 00 00 00 00

001:008:001:STREAM             1623947093.786339
 07 A0 5E 07 24 3C 00 00 00 00

001:008:001:STREAM             1623947093.799537
 07 A0 47 07 23 3C 00 00 00 00

001:008:001:STREAM             1623947093.815939
 07 C0 47 07 23 3C 00 00 00 00

001:008:001:STREAM             1623947093.821085
 07 A0 00 06 F6 3B 00 00 00 00

001:008:001:STREAM             1623947093.830950
 07 A0 EC 05 FA 3B 00 00 00 00

001:008:001:STREAM             1623947093.837418
 07 A0 D4 05 F4 3B 00 00 00 00

001:008:001:STREAM             1623947093.845564
 07 A0 8F 05 E2 3B 00 00 00 00

001:008:001:STREAM             1623947093.856409
 07 A0 70 05 DA 3B 00 00 00 00

001:008:001:STREAM             1623947093.861897
 07 C0 70 05 DA 3B 00 00 00 00

001:008:001:STREAM             1623947093.867862
 07 A0 0C 04 A0 3B 00 00 00 00

001:008:001:STREAM             1623947093.873932
 07 A0 DC 03 92 3B 00 00 00 00

001:008:001:STREAM             1623947093.887971
 07 A0 C5 03 90 3B 00 00 00 00

001:008:001:STREAM             1623947093.898224
 07 C0 C5 03 90 3B 00 00 00 00

001:008:001:STREAM             1623947093.905655
 07 A0 C8 02 58 3B 00 00 00 00

001:008:001:STREAM             1623947093.912067
 07 C0 C8 02 58 3B 00 00 00 00

001:008:001:STREAM             1623947093.920648
 07 A0 31 02 21 3B 00 00 00 00

001:008:001:STREAM             1623947093.929913
 07 A0 06 02 05 3B 00 00 00 00

001:008:001:STREAM             1623947093.939750
 07 A0 E1 01 F8 3A 00 00 00 00

001:008:001:STREAM             1623947093.949542
 07 A0 BD 01 EB 3A 00 00 00 00

001:008:001:STREAM             1623947093.960013
 07 A0 A9 01 E5 3A 00 00 00 00

001:008:001:STREAM             1623947093.968042
 07 C0 A9 01 E5 3A 00 00 00 00

001:008:001:STREAM             1623947093.974055
 07 A0 79 00 67 3A 00 00 00 00

001:008:001:STREAM             1623947093.980880
 07 A0 53 00 63 3A 00 00 00 00

001:008:001:STREAM             1623947093.985867
 07 A0 3F 00 5E 3A 00 00 00 00

001:008:001:STREAM             1623947093.995980
 07 A0 2C 00 5A 3A 00 00 00 00

001:008:001:STREAM             1623947094.001786
 07 A0 0B 00 53 3A 00 00 00 00

001:008:001:STREAM             1623947094.013549
 07 C0 0B 00 53 3A 00 00 00 00

